1000
659 205 94
597 224 27
626 552 53
541 527 105
134 443 169
877 930 36
556 355 86
851 181 81
854 151 123
258 661 7
479 320 11
324 268 34
350 245 137
554 137 64
59 271 58
979 147 187
814 55 94
852 905 74
284 759 24
607 16 37
813 846 108
575 521 127
208 871 172
97 776 108
160 834 178
369 165 125
155 330 179
648 181 35
674 465 193
497 423 161
685 587 158
192 161 79
319 720 101
42 816 76
549 975 62
327 695 26
603 850 155
933 849 88
167 522 104
512 371 126
224 55 112
133 599 24
211 269 143
863 310 159
939 858 85
552 536 180
329 490 181
83 422 29
722 941 103
825 804 73
702 27 79
165 159 29
788 722 97
131 936 6
289 226 16
773 777 103
304 105 193
684 540 166
913 261 106
367 438 109
839 491 87
69 656 198
898 443 71
994 925 6
752 213 32
719 338 8
221 641 65
565 325 4
331 589 16
36 955 5
897 145 96
783 213 103
532 462 97
2 808 22
408 911 186
39 629 123
798 201 116
662 766 192
417 96 132
433 483 38
237 379 182
884 514 146
186 45 160
283 399 167
304 806 77
889 196 105
164 993 105
431 7 22
22 423 117
553 855 200
742 444 178
723 327 43
620 865 40
979 499 38
145 154 43
573 42 190
277 557 182
534 987 188
555 360 11
24 264 17
623 5 60
952 79 139
795 699 3
34 29 53
23 526 6
465 98 47
454 727 156
787 612 94
127 518 54
537 541 117
505 163 74
565 467 152
655 261 2
609 646 183
61 668 108
666 484 157
664 289 83
219 427 46
113 553 164
718 441 104
586 946 19
459 862 85
763 516 97
116 124 142
498 184 161
757 849 196
114 512 36
548 83 62
946 547 15
509 264 7
612 201 152
230 660 165
666 774 80
362 889 155
55 387 138
415 495 138
962 960 2
797 508 84
59 453 182
225 313 45
183 924 45
87 506 56
851 171 181
131 533 70
885 939 8
175 706 102
312 667 62
665 816 121
748 226 125
729 450 37
325 984 112
122 70 17
929 921 140
510 51 24
979 287 162
538 813 67
239 125 134
252 789 101
772 889 126
96 969 175
732 294 110
996 767 180
412 695 100
351 204 102
174 534 188
288 71 1
754 310 77
239 561 17
539 685 57
64 780 26
390 864 119
700 859 37
79 622 131
730 325 135
431 850 20
770 137 91
922 243 152
550 481 64
967 372 148
623 787 80
600 177 95
518 228 105
906 658 78
637 387 2
923 817 52
742 938 140
984 860 182
535 409 15
351 727 138
498 350 124
129 949 100
975 819 79
679 724 136
357 712 122
710 634 90
913 728 28
253 711 39
186 598 47
952 948 174
89 797 75
13 926 175
464 900 145
143 931 21
830 639 132
904 700 166
793 613 45
972 217 155
362 754 152
161 706 99
686 794 96
560 158 173
86 974 24
431 116 154
851 297 144
982 200 44
99 345 8
943 668 24
850 30 177
1 190 34
452 227 180
699 786 137
871 223 110
294 653 177
1000 855 74
695 189 73
90 287 169
97 582 37
672 431 18
649 783 159
682 586 185
861 284 122
550 154 144
211 800 197
988 799 3
413 845 191
37 935 30
6 31 11
994 703 193
11 703 127
569 736 113
353 949 196
274 850 102
769 60 101
565 47 51
920 811 95
110 848 181
939 205 164
701 198 18
245 208 120
924 128 7
836 832 155
383 457 156
84 225 16
584 790 14
586 709 25
81 170 72
213 109 28
376 161 25
593 758 184
512 681 111
871 868 142
177 250 198
333 334 22
548 269 163
161 207 23
937 639 145
560 851 53
387 227 165
411 819 122
994 683 2
56 553 69
949 81 71
946 413 156
520 312 176
234 825 182
9 761 20
953 321 23
357 707 49
921 118 19
595 463 101
948 519 5
169 467 86
639 765 50
146 636 114
921 869 138
903 229 98
874 181 170
696 537 77
96 810 146
315 404 160
567 703 30
372 871 97
609 861 13
610 6 48
923 927 68
60 181 49
310 406 29
879 454 118
507 549 127
604 215 82
164 782 184
593 505 7
841 465 67
853 74 73
852 349 199
72 760 131
872 69 136
500 300 141
17 158 42
695 762 56
776 277 37
912 221 93
918 62 157
784 266 31
656 470 131
806 893 90
488 764 159
576 263 10
116 632 167
557 326 80
213 454 108
1 717 129
646 634 190
402 417 7
584 425 76
114 582 168
404 70 83
114 997 98
123 112 81
641 21 158
921 233 11
828 585 127
956 230 112
497 984 129
304 567 105
931 681 38
451 84 107
733 197 55
630 671 167
862 311 187
420 583 171
430 763 107
509 70 89
220 567 72
700 222 38
956 152 70
794 954 105
52 687 53
307 668 123
25 530 186
411 949 168
733 730 82
639 590 152
479 810 70
950 861 43
988 817 146
409 610 100
914 13 138
966 319 5
41 343 86
426 105 186
745 837 68
827 828 57
978 306 18
399 608 79
41 947 47
186 355 56
285 268 20
422 234 139
579 274 33
616 51 138
954 795 126
21 621 105
29 950 163
847 700 170
877 740 116
723 278 70
178 914 138
349 688 123
487 618 148
320 233 198
609 538 144
86 558 165
391 587 66
353 785 166
274 661 105
789 383 134
10 912 48
147 260 135
221 99 152
920 770 136
669 378 74
213 463 31
377 205 169
842 557 105
359 182 165
616 970 99
149 980 10
596 478 22
730 51 120
833 970 89
169 639 66
42 851 80
824 579 85
545 772 193
49 131 175
566 746 96
464 894 75
626 842 105
47 923 107
566 756 76
854 924 66
871 317 68
702 140 198
738 36 170
331 437 52
457 2 149
552 817 194
979 442 35
235 488 158
541 405 65
168 610 140
434 832 56
253 534 147
651 271 183
172 953 171
175 761 172
923 313 140
268 643 182
103 877 21
212 769 26
428 936 187
567 721 19
22 974 152
320 976 174
654 147 79
424 321 39
547 595 103
487 862 145
220 316 173
440 879 141
417 306 29
4 224 149
422 245 74
725 917 49
650 570 195
528 346 67
167 244 61
469 82 123
766 301 38
938 93 69
231 509 174
811 864 198
759 637 194
33 361 62
281 363 184
28 890 129
94 408 172
755 229 54
629 994 106
818 283 198
886 865 59
260 675 74
209 434 111
754 818 23
216 450 185
599 477 75
327 923 34
650 677 62
55 657 55
113 474 90
910 360 154
920 971 29
794 531 14
656 284 183
878 499 32
463 449 61
289 127 183
522 777 11
984 183 67
790 295 92
879 557 3
833 828 173
813 973 103
578 628 139
512 506 189
543 968 38
755 608 164
537 129 92
699 112 75
517 902 121
809 780 29
811 964 9
784 128 181
638 57 9
128 568 114
117 463 33
554 217 40
117 754 120
809 804 32
35 321 85
907 129 16
336 939 132
944 74 59
876 64 68
84 191 35
149 307 97
533 860 114
524 329 19
644 137 22
227 523 94
711 429 22
326 116 113
257 411 186
668 287 1
135 722 192
521 871 50
18 755 62
83 279 190
253 274 78
226 500 152
520 210 180
941 887 48
653 496 58
791 163 96
343 649 18
734 169 40
136 538 194
749 620 24
338 224 97
767 450 148
70 969 157
801 909 196
648 914 91
258 56 5
153 398 53
122 484 173
961 619 63
907 367 82
482 56 58
979 174 107
678 243 75
235 43 135
382 43 200
672 300 55
828 452 53
632 574 88
604 886 106
466 792 24
31 357 4
204 215 81
798 689 67
192 775 200
234 775 23
533 829 50
337 633 81
262 920 85
147 177 102
291 152 153
916 182 61
871 737 75
503 534 163
722 78 138
321 311 112
944 196 92
393 884 77
474 145 196
510 643 125
363 933 76
516 200 58
376 70 146
803 573 32
565 294 109
454 966 171
117 909 118
961 654 1
437 479 97
184 988 140
108 702 24
184 569 176
793 297 45
138 99 169
369 15 14
29 469 180
240 517 97
893 270 85
371 166 69
710 57 176
511 980 8
655 628 4
793 726 125
513 741 138
542 561 69
893 849 109
409 98 153
678 782 124
196 650 185
148 188 40
480 147 95
107 551 39
833 27 151
925 516 92
485 985 184
333 45 145
782 997 174
564 672 121
525 542 156
35 211 28
142 113 66
974 139 168
898 654 12
734 990 147
418 34 91
200 31 17
115 54 137
679 462 13
573 18 77
306 52 39
885 193 151
102 518 41
469 767 94
880 852 36
227 622 69
269 821 51
905 726 165
718 938 137
735 566 194
139 756 78
531 201 98
819 379 9
440 847 78
612 698 66
898 954 191
862 23 81
751 758 46
296 248 154
726 930 11
256 130 109
255 449 52
838 267 30
646 58 28
75 21 77
541 270 182
731 483 5
714 609 81
606 890 124
32 468 20
35 305 38
416 302 95
644 377 67
272 269 136
914 203 123
835 987 88
76 310 100
447 694 167
266 728 71
703 144 173
549 139 101
415 762 169
319 520 176
584 74 50
457 156 84
443 195 160
753 94 6
798 461 72
525 483 126
20 807 75
289 624 27
498 62 166
81 135 167
538 642 51
332 836 162
436 281 119
233 93 142
110 928 68
942 991 193
230 966 171
772 555 68
701 967 39
72 589 120
174 873 77
755 838 47
527 392 115
359 16 167
156 637 46
373 82 187
824 241 99
13 839 25
405 705 135
420 271 164
420 637 98
641 361 131
380 783 163
998 86 79
142 262 119
358 168 30
414 302 1
685 818 177
110 970 198
402 962 112
332 341 46
884 125 31
705 389 152
118 43 104
802 860 33
881 486 160
15 389 73
492 572 121
843 191 134
576 649 62
787 881 77
615 663 6
704 823 172
71 563 197
562 134 117
400 279 159
942 812 104
601 387 153
414 173 185
490 139 47
496 837 59
630 164 27
161 778 158
327 366 20
499 502 110
989 949 157
177 807 90
592 691 127
958 974 89
458 325 1
255 176 47
141 693 166
649 870 124
890 769 112
294 95 104
337 622 61
870 986 62
105 219 68
328 485 181
160 189 198
652 882 163
301 751 87
190 519 150
836 966 53
991 388 129
608 107 186
119 647 183
771 528 98
338 322 52
3 154 51
537 323 111
528 711 191
501 715 199
607 452 117
606 187 39
133 484 61
411 419 177
559 151 127
24 840 49
75 842 154
325 731 77
739 978 158
244 322 43
926 647 16
344 23 126
398 575 79
751 899 9
779 438 18
517 415 128
44 578 137
90 992 192
893 68 74
893 713 123
330 931 192
594 309 169
35 652 112
14 818 142
588 225 182
427 781 2
168 957 120
88 364 154
295 397 127
918 19 103
752 106 14
546 42 127
374 981 103
156 408 36
309 547 14
476 856 85
253 46 173
616 751 19
364 877 137
382 132 118
50 235 24
663 132 17
541 857 150
996 12 157
231 673 103
796 500 110
280 752 107
866 403 51
820 421 191
969 416 154
276 748 156
742 298 9
162 688 129
157 926 176
963 367 100
504 108 197
37 192 149
826 400 34
543 248 113
100 395 159
204 822 66
104 651 165
350 823 98
773 303 108
587 314 180
591 647 88
658 712 198
348 761 11
692 555 185
445 694 148
247 495 170
104 374 93
861 65 199
797 683 25
446 159 9
378 202 22
914 693 40
675 489 9
992 670 67
343 750 109
318 99 89
274 645 66
461 334 2
293 909 68
986 901 180
475 927 20
888 498 155
338 265 105
519 725 39
318 476 125
337 111 195
966 120 86
71 990 162
130 559 48
386 6 21
180 383 184
674 743 18
787 955 79
374 395 62
112 401 34
417 580 187
418 455 53
728 485 39
805 587 165
734 602 50
472 725 52
571 821 70
427 403 26
286 249 108
837 248 135
657 915 179
581 944 48
66 496 69
718 368 133
179 259 26
662 894 59
396 311 106
363 959 10
295 942 108
497 529 154
197 684 102
356 717 118
820 313 149
365 737 131
300 378 4
601 85 73
445 48 134
622 625 174
725 635 64
25 364 67
977 448 91
146 440 79
614 108 199
466 22 69
474 370 90
781 249 36
278 40 114
241 501 128
448 860 130
500 275 164
788 308 133
246 644 33
769 883 115
875 21 49
703 150 148
311 8 104
611 862 68
515 704 191
331 407 92
435 72 26
815 185 192
301 26 87
335 506 71
680 745 48
100 690 5
381 1 112
238 472 61
895 209 79
572 882 102
493 904 125
456 237 25
145 831 91
336 385 25
32 13 20
435 194 171
48 808 150
919 935 102
289 494 2
115 828 105
416 384 96
888 544 196
592 35 73
982 91 181
763 342 84
364 148 86
316 290 7
676 231 173
344 206 98
41 891 87
214 507 70
872 80 58
471 493 56
30 53 180
428 596 72
821 965 165
815 795 43
744 19 153
416 126 103
499 352 79
25 354 88
179 52 146
312 101 61
296 394 94
483 251 48
462 45 53
144 999 93
292 774 21
968 768 134
640 411 23
741 416 81
282 371 193
951 549 46
350 577 103
189 867 71
934 230 151
686 73 157
439 417 8
528 375 82
473 379 34
844 330 194
199 120 39
242 942 110
254 78 144
605 735 108
711 460 14
697 121 130
251 339 50
410 844 13
975 273 38
604 716 124
236 524 70
128 995 60
734 347 16
493 77 117
599 67 181
751 697 66
647 908 76
940 799 195
716 432 18
235 631 173
218 834 128
932 58 136
627 440 155
232 856 178
215 340 191
81 63 122
299 816 63
315 896 50
464 92 48
945 302 67
976 38 54
708 797 146
62 747 58
983 486 154
459 617 15
892 112 97