1000
243089525 757089209 333693959 569777302
116176236 258886865 76536171 122904482
453268151 905059793 149052502 154033209
457941589 910053304 42284457 359468761
30648077 737821343 503376448 866835789
174606317 236914376 469156347 966153470
397901707 947045549 245629961 795880838
308608178 574217680 858005911 927444059
424834006 654034241 46910582 482252079
775593190 848977793 34125257 780565809
76936080 847866161 67012847 838213136
381360642 466269048 14396287 307087050
107047166 971709576 9588470 41349869
660077144 829495499 55072519 94117751
94415792 733670154 128479579 715722302
234569113 263901159 550104849 797029216
422783141 454868289 553223455 920444421
218754860 613600615 409202167 459684559
750257200 806474827 44024518 394149597
18632743 386996761 91728844 331498289
581185374 944364645 291378321 725604980
770281132 984628306 128396141 150733509
201508312 512437709 904314211 912357993
337910140 937687881 412613882 527727237
24089633 925053840 12091418 737211649
210200800 964525641 395905948 979134681
510900774 628660118 288912037 398239750
389066470 536123901 397811879 430514643
136671786 404945724 317774429 902708176
246766328 390954078 590219366 650181831
389777038 910402816 46164521 55459818
67904446 754977919 103031011 340938089
215521916 457196951 20223999 436170790
707901544 942017774 132976069 170717099
36306185 656515265 4160105 62504243
499500876 968054372 17914027 44309563
551837852 825921917 457917308 985796133
573868189 868701461 19074831 60617998
198601703 255454293 232980735 305424608
576043325 820013329 127294971 272317253
199406599 813814590 508139801 963701027
323517116 695206096 248788884 466530133
657050115 899040261 18528122 56185087
243958670 276131314 3215353 18208286
63365763 513273969 392566832 838530929
50137177 752210158 56634972 136663535
344800621 700176918 400317789 725649976
452684943 501460824 183935489 921072690
11322681 398803244 347496427 741070951
189911875 915363878 49958638 162215511
110755405 684016537 394130057 486284292
521726442 676618780 2289915 141766096
127061064 171748162 358939039 810038443
747899076 891444526 12603953 954612573
661226464 907864917 174165691 622693664
204918861 207632577 16433509 254075463
303247783 509788594 504317311 598111902
364716850 722920519 313167631 469560971
541559215 823141368 152924129 182905473
988261 722433630 91523292 232615531
57971861 993446550 273854332 381156371
402245533 487724747 256011429 861654094
506684855 690455815 95150372 920962309
501909902 726155019 109875647 930040123
890506479 936664619 23053774 25052825
310071104 388705627 75812987 190673238
46494719 602697771 537987595 541423254
571077407 604634195 13145716 21154941
42102623 116737034 3018531 9714310
595130453 856338431 155152289 701969210
814521073 896841926 11761149 983703920
316049418 646889060 25168189 66615430
622995047 789405246 226382323 258684748
318238302 326648916 16106976 171223925
185925706 801537428 141475216 309475359
72879472 720187093 83699552 868467485
530754778 651715942 260055799 407907776
473946794 770188782 15463309 33350052
48996898 547365354 108377132 649294689
710589942 868336882 4856011 6040614
656075731 920654246 144457331 166874036
289714896 812081722 6371647 17764816
35616106 947189162 17952091 185656950
963886421 966978021 333749069 544248014
307159393 672963237 94738328 433201311
460893249 999597913 599060876 702418295
520298273 816380141 74188026 504158681
149054146 384154789 78459345 536137157
614609074 844062063 174696694 666757103
821463286 949370251 68675253 151424881
117960283 709619030 256063760 350090209
502306206 767222786 637301525 777879042
60466748 137755058 334706131 494986030
577123984 957517810 178057151 426439831
12343068 441549953 299112340 480518819
285735311 686834508 165177491 384193966
699279636 771926979 133471013 163755490
206587444 850920167 294939973 430188095
196064983 751420650 54943169 891606691
159467480 818177202 853298459 889209536
320763417 602334189 310714283 331884680
91725363 212855252 754971395 897583639
839860139 886177618 389340600 436261907
486185516 738099713 204135369 492296129
689852046 960587039 124499474 166592181
337769373 708379593 233622362 623795505
612686574 996808791 47118683 85736044
108592519 648516710 52272564 169843681
39364455 828597942 96782864 157343645
143096172 307610062 608658064 781863113
21486975 866778912 15578366 157662745
86536371 234310391 662663275 825039039
83856091 319617798 111688371 776549974
855435248 924747983 30129818 96751557
30798407 999375556 169090272 591024289
42127966 422225821 17558999 70777082
473578757 980197881 537201770 767676127
372233148 549293684 65526017 68722454
759057531 986375865 32207215 887702293
261115737 393756949 8430193 12935054
336178673 817274987 376135667 604688140
813949198 983955814 14344273 46774199
674624444 886006217 344398954 439705605
223042980 299663021 15215471 19995610
663968452 709022582 118387063 322277169
339171722 681649422 692049342 704139289
116290987 144228016 733894727 816813348
59206585 652237442 378408582 826959671
105022287 489838393 42701817 137081971
144361889 659327922 696996325 948458174
569568613 785022238 435496194 968816495
725116663 974637373 257652841 975987601
202686059 968840194 160330377 314963215
399457166 745983887 766010041 840817960
184450919 511001162 583735011 764677973
107731036 349845840 2371546 168945461
32923786 732368117 24323694 489439795
433384564 637478915 30457567 49142314
290679190 442165186 478244271 955339316
168184988 477008007 11824803 507253306
202670776 727266364 102466953 223788961
199635620 572365915 829711075 994033421
525291304 611295476 3268241 432413788
556581790 582986547 375979802 561407267
277462198 690191217 445786693 790438901
18660776 819773527 532788775 855638726
376532356 425020210 411824962 578871705
354882048 940644225 125212027 268778808
474275008 960716448 248031637 949811840
681762230 972091149 62372765 474374357
602252519 718945423 203682533 331376055
625290254 638068976 302552063 780871127
535282485 814645820 133117784 593323383
98340667 139123909 14689979 98412760
25115394 149390443 376499603 821371933
400707962 727138281 8257203 13025624
786631215 888412473 101997838 103778813
369767790 406795726 87033171 625879064
324781375 936331948 24681770 59765467
160742415 175486831 146325187 430058343
44761533 490378253 64085529 214769345
2563925 348379182 54793949 152855065
238139987 855481349 59399523 969680663
518657726 523466638 29642309 46817313
222919733 715804661 17556817 177999632
106310623 421478017 205065749 292934396
74780996 276419439 16344914 62384553
378882861 396051886 288709772 657142471
560689237 977307221 337551417 688182260
404061184 964422302 22248603 25236797
554410809 889016367 123539750 125159391
150564485 187510267 136941837 796036427
114640329 134702546 502393459 699316175
204557283 500979741 116561784 132484481
799496223 807590514 195087090 271965821
443943371 775630368 346313433 472856263
465960063 494002289 564327122 667764077
744401734 912587054 545336 365315865
28632485 131683587 824572093 920691131
738014298 960951070 291170797 492701577
750529800 922728428 6871241 582614767
265418814 303257604 19397129 565051176
115124374 569754954 434368589 750650720
96249997 238747454 130589759 997120304
147746217 567011396 450492048 671985761
190681971 796283538 135788987 585176122
14527253 424627649 24383445 141181859
566143824 975674330 577373420 892323583
626118991 689488422 565575177 768237169
783127568 910706293 123589479 227872973
647092259 874180579 304458453 482588632
628411525 925918628 60219455 290200499
36084863 707194883 116501034 208095971
76775984 817180858 34737500 44227759
526666670 963227335 19165970 53538727
181142155 235339030 211387533 259975439
469287907 851006556 102140791 116240731
15515387 427724851 99212406 199545983
211895789 429069392 6749740 91642519
112038019 691107878 4439929 474620009
159054154 550216717 110482434 149589907
303110422 816844550 187513347 378212608
53097061 824468405 220746462 268909963
409011285 538578279 257021071 778315561
933626500 997967490 695691511 707919120
879152591 970499812 269970198 314121773
435564323 650297069 327529907 390666329
117693189 800997537 598736513 727415148
88897805 821917103 246422909 418512226
28131921 895236159 35853827 577956725
664553363 818690755 262448377 783540749
736390929 781034053 611195321 721743157
15301172 133442749 39493368 182216129
545158115 752905768 538071775 668412751
283408633 521358948 336781967 405859015
72174073 994613127 9643143 41164850
47173455 476124597 203878821 343513618
439998309 618569315 26174601 161100886
731346827 985069803 15089919 89709740
547512632 820692059 480191987 836965771
374905590 810135051 282146553 838142950
589556004 797222879 202639311 809149211
473467342 811700160 504921526 837013999
11998195 453371203 157580072 185257487
313973863 996200025 771863339 800141794
30773197 566734313 160138199 249991199
399230759 773490907 265341381 406072805
184307302 743076036 235360887 315759715
309786025 734429473 56128380 240112309
174188667 444223899 421142606 598730109
455086472 942106268 159025163 866551880
248732517 893092409 415760103 620735735
106506071 499223870 95359246 194825661
188946627 569863414 490223487 639192211
458505073 896415358 3588016 46300285
2528290 967038098 348370421 393163006
30843199 992444034 198798969 966574813
224977350 537378513 25577421 882415414
12163236 671256909 11921961 43323680
114696461 322734016 85617527 718419152
518234573 533995840 202579029 575772832
184203256 358124513 139360418 326602229
225905391 742655224 224504668 439288525
33547800 525036633 474677832 708270211
230680338 914377641 73648754 155567943
22682047 111972697 286865579 410473093
518047689 774317662 268295821 287194865
52227056 429926731 301602100 400296363
373414659 684135767 208045655 382408734
693884809 838864609 130151159 301375512
11792686 341023913 278822061 478427395
115912163 922104414 209114624 756185729
265740509 555123614 193733775 436420474
731853318 881719629 233844511 458409145
396945064 749805511 255490856 433765853
26363051 637673869 89622443 308587206
380626288 869504735 136193389 474072456
371165484 534742872 22006207 67830076
615888450 911091597 155399852 400294773
157929282 181595684 134324587 496463482
450383629 571481618 677093005 770911174
703159239 809448916 61755242 143527611
159125774 956287959 216925561 586462251
119948458 771189168 63211280 159478841
155816902 911359736 328310363 339145672
407884382 868766531 152298839 301089462
252480920 352578331 288013973 450330351
940466531 972351408 184704423 486723983
438842546 955067881 572253889 780139427
525404723 707465652 105452894 920224849
218155258 691950861 19945491 559789651
462789553 664904856 536556593 884958500
145480699 814080519 560854118 802200127
5069332 559271975 236793002 377272769
391479429 739196391 589465468 990785653
122329738 640071341 347374403 561972959
177116259 653891317 75750093 160313608
579361825 889089280 227548128 815328743
232831486 775072624 1360246 39600679
70146243 179081990 181045938 827886179
283226800 458649999 28528947 468748304
534453343 560259859 738186416 836191315
606964410 798056240 90966150 215977649
226150917 515615927 564453746 677706777
127208903 140288919 6823774 93523609
238644330 729233995 796599435 845308459
601384656 894228416 105425971 121549192
48527025 835849283 190432105 300499649
747159229 916132138 13240798 85166541
43934879 381792037 684356171 863890510
136355338 793459108 14786003 211184352
584440981 753389543 291988486 945625297
601136818 844803680 119036963 171019809
325228042 776580621 158125587 176879062
858121981 885871464 291686242 306548211
402933176 563525123 115584551 333525433
463872553 650738100 419508984 589132921
392385375 735262499 272007412 342305963
703645785 735847778 460374808 988351689
206032638 618014519 713935687 980226956
347981774 755940453 671516537 691043659
490934148 871312148 237465137 265585630
748054268 979996210 848110219 867947721
74968312 473908245 238469367 262985875
466713029 645411340 240501565 670872863
557656881 676193461 111327804 310991323
458934558 987325118 3054439 3425533
604266502 760482675 452314889 633811167
479523821 789823798 760526714 853209145
214721598 298778668 846780922 920598921
150602459 379057530 11165149 29131271
118781697 337318828 549055150 686940631
198075627 558641465 138428322 233001665
78589794 821805742 7028576 7185383
6913217 699806099 563151974 685279817
158715062 424317987 32765299 343220348
90485381 910806471 93106164 140119657
402158256 479801653 26022349 317259681
214758933 443409428 9188590 377665099
380103079 611909426 439526519 449378323
23903325 463969428 39180712 287821183
464552748 669402594 788281961 857115261
408861766 948082192 102118217 332306624
249174818 638479150 641699119 997835786
208030062 239877882 147303028 385501263
184224910 402911280 249825291 459705551
371244835 750063904 60570033 168099542
137060782 492024003 556982429 818370428
763864535 854927570 520374494 645704267
71781479 973628120 15944951 20223506
187171063 490539069 531899213 625912027
482241262 855003400 324104064 839158423
267426403 658253784 228599620 651014599
909896965 925893029 229637900 238283021
340452132 931729717 27648316 69146049
550814049 578699688 140293785 969992167
118401480 842487178 460303131 886341086
502051505 507299088 109430409 141247924
464981793 513074957 74835565 83979717
95150414 455122788 462304027 775974817
242667851 819370249 706000023 974894969
60725379 986355659 717461525 860171872
20085048 390414459 88484284 382280039
179560518 537732880 7911997 124708703
43888495 759896066 157441691 220749063
402824301 777331384 97738933 755880839
639076159 697853339 23219757 68213851
254949144 787033794 13880632 163023893
133677436 459211355 396350652 486290341
694505390 758066897 19502589 22552031
95410759 826775218 83914696 366035387
82957369 904037213 279169148 924436927
708291718 846481653 118682371 365400263
352989819 706504025 805584857 827076648
592643740 615952455 22670975 65359044
272477963 699542094 619008665 657650648
874582437 973210872 24787221 176121344
363586762 446337686 158117717 601329623
858175035 989978096 241228553 464801582
473005478 759899804 375123156 411599923
315921296 350519721 538283177 744206643
71771181 151055033 18562591 40429310
176087695 783102488 136470521 591416075
553000939 691762255 12212304 26662781
712217969 716833799 251601232 917982717
106230139 943379789 35442447 63014501
53441721 842208252 255687227 815186002
39333218 544101083 70301753 164441894
183604107 985516567 83591427 211227547
667418720 955011657 749609607 910648111
556213453 887653588 441473108 957097559
330873390 476682472 73822609 220046756
215308536 971305261 282669593 525984506
307788938 623226621 263017980 584137283
570015369 965368466 41917025 229567327
113235244 798385884 406694381 420580110
88839961 100953686 284163829 488347289
219352889 222360866 26816636 46055125
95696704 648197618 622856077 730380789
751346433 958865645 618428783 805106916
815605936 881432206 103154534 331964259
848496942 894240533 97174125 464153294
267704729 515697056 101042139 605113441
170561244 420584667 135731955 456096592
462513347 805893553 119971329 265978880
430919975 968508706 33170927 713806049
195764126 988893401 406154375 969845718
94464137 292514912 115425333 265871422
11630342 343450523 293461903 801247956
553808613 579102528 405640560 531449311
89998989 866461074 626327495 744016387
171984584 279824259 359135659 763189221
514663351 550154120 48870298 272786899
255536901 456527865 79514977 638477801
873708696 890202549 404419252 980415365
269286454 449442947 330738440 856236953
800552517 876033243 105436029 192451235
510046820 865398560 11815780 314132063
305841996 565209431 766636665 912924824
41568131 730728293 838424391 847243718
246685141 413641045 128159442 273257389
172671760 431390002 44286592 129850601
25402189 345582637 788171257 856822587
68198996 459724674 186209453 762499209
84470519 190895327 12368183 186828439
307086621 888223833 180367501 281405996
74348606 653347873 648031325 971027491
141485761 376037156 92026819 235259533
197834457 675282467 824931872 855060509
502567193 519394993 66014351 546587341
258207338 379903126 24549275 92402601
938574609 944184356 255347226 400848917
343893925 926992826 135713863 208754020
804714283 859914278 303047461 415533568
165718778 361284401 4044299 7343122
157882463 210207075 270254388 396934493
472756828 763131826 51286793 947141755
549020840 819655784 119102215 227505122
214128716 489120142 290963619 350826377
155589854 544508943 181709267 950468615
184632677 981677734 32985454 96406037
4990899 487675894 381127965 820399502
698309052 866451351 561572753 586685522
66284111 404336996 234887007 528036445
414078560 891612077 54480409 136518318
361522725 565435462 34605757 443620719
135854965 636987541 203769134 796696393
880251325 898754446 102164229 234950272
188907879 873567583 482005557 920555888
606015869 993490338 486320520 641474807
736157577 876712795 63896885 437410708
353851387 435845906 24023417 305492085
426467977 848392059 192237725 493873809
479664639 539373873 61589279 388133962
202959022 807527190 16552195 173393617
85008500 330395115 51703345 580260663
327622827 701206057 572910077 976974686
120347365 687055250 367771603 583330942
256750689 783190462 43606715 141133772
768943213 913977220 377601663 931948717
195265871 704140181 423430129 571015612
564374669 958616739 359690195 549723701
329440887 566488484 37292002 57282805
112625812 376774430 317571611 466375512
446797632 682064934 3385702 37745593
178799081 653032594 506231017 642434495
245493855 982215390 38788503 729688891
516218545 625527367 204395850 249680113
816851613 899408483 83501429 121534334
637009129 672449630 238188803 280801754
340790405 797269554 321582951 509331062
80392598 464775318 585605779 856223833
116066257 462693217 16369403 194609032
243388472 643883921 235323685 416364207
260411839 689647715 370935053 631251199
305597002 901821618 144415935 702920269
503849690 784133558 400457984 448213801
219294870 558983038 260722753 389838679
544095672 885297549 60523925 918279881
29305941 359546890 18203831 99691764
33336251 847446536 1575707 4528873
736570779 934091913 120006521 127495930
278725403 509425141 391873903 441694588
276221232 474355740 5076531 6385258
23096662 504649819 183030174 227853187
135393689 190408437 470140922 680777117
433056780 746508035 410009749 719148055
88872129 850031781 340240456 672285921
141921382 823345986 7113631 703659834
10806836 384136682 225620565 423667054
17824240 962431994 65077118 112405769
597738692 809233106 245832587 427812547
569530971 723912313 58243747 139083195
115858054 536449208 394589989 630337394
659621291 777788493 260892399 963080308
365823946 908335460 471341405 706246956
611209205 631466453 315331483 331417207
739937336 870694354 15096475 189936518
144381286 392518675 125259977 318699677
304979434 504964322 328777911 932985023
178682946 997204620 186034101 230193692
248162693 871816771 181207934 195675915
499067903 542117217 479150676 843332471
203331690 942271123 303222887 847212458
335011276 914572457 35873135 160344979
82242427 675758883 320111387 764286561
136759731 193491239 30531394 403753653
16663519 954011903 620914097 735945862
392654812 953327740 13491037 73835145
721694824 728512381 16839532 143682273
419153406 722212564 13983848 367471733
543879481 750714352 485233496 825575953
254915335 285040619 48132257 69960620
258552147 871496260 137784501 541328552
205865360 740753502 221171021 260221718
353499282 605816126 142403032 202306499
102293926 819319568 704103034 765978855
114812988 190728897 283753982 415908195
595116578 800509764 50667613 88699458
18180643 367784726 484741117 885160650
6738184 367194306 72117222 834717895
42196168 481920108 139814389 306492354
252375720 855465299 242170314 249297605
669848506 965791133 57264563 805791177
252146111 469265143 491646651 962870042
361465706 751707982 533644739 757291455
609057016 916962936 540555958 839966439
284235403 753035859 143358100 366456637
455903003 775686484 456990 31778141
563708267 773384831 63705761 212524183
853742702 865140998 698325421 918631970
3564081 401266481 361929107 799283353
62701568 477594740 574469767 987923320
648554703 875167817 474176536 995641863
302936076 844345389 342839615 816141009
201129775 537976638 232099139 399603211
245048866 251215069 234170689 666557478
464037511 494526329 456644112 498781183
293099681 972989559 201046894 435487861
339172863 347778804 335714453 504829536
224425485 431003725 9926621 70664838
17335745 740257223 179528788 927140745
27681129 614098128 3478478 77179535
839325604 904477596 36116899 128148666
59460815 394877201 457436915 526134862
170401153 222181617 516965153 662956123
119917655 656259261 1209941 304236972
195391278 593270101 13765711 134151536
799467017 933264070 589137775 850647489
294274108 854009121 61124001 69086555
297484840 511712585 295999592 305268861
186834383 956314710 270609391 438300112
275738587 776752354 5924335 8716947
422140303 783809991 232564303 527708643
532251646 834480714 33814202 93528633
596943103 633209240 22833333 388947305
169679227 433884276 117286237 996418287
318130770 839132939 269007923 594811010
31481084 444994199 17667191 23379310
66971520 152247014 75045062 269649875
241474000 442437092 808437053 994645819
27318368 330919122 126261969 247746814
166857204 238721253 167236154 172993937
537043079 860494642 116425163 644765474
744309703 770688277 339656552 778479443
194179657 670803009 647381999 658308807
28231860 171685864 327662311 700630292
12380829 568306646 8845128 9264227
124386042 500903720 72860702 310315899
182515792 860978454 443032370 835923029
681084905 689657877 102136005 161645119
174131246 504282439 16185982 32260621
242982193 332251987 2315889 472167860
25708424 387074710 35223915 476993536
185651626 443171186 260671609 299235659
506187325 853929546 39547594 342514161
283542296 959964075 15510643 49744979
173511941 375157934 42796121 295069433
58833700 893964994 172133270 231548699
222428194 898862263 66250855 574326296
633694112 950425779 267718296 497948719
295512345 436944378 127453753 580669550
541249418 694533052 183380601 251551003
9038397 193707967 276924717 520787768
605467325 760363024 18639211 35091088
78541298 626791217 691617400 801610223
93552918 418294854 794973041 918344023
368196586 992427010 695208094 697465095
210900553 855500578 45687824 338487511
264336937 915561091 197623303 254752728
730716225 910613763 141133761 968691647
330279499 927435006 197834206 924024895
373895348 459732777 598202743 695359281
60526070 225753327 508136421 575006561
311182721 423844794 201602199 792588488
320231857 723421286 851560836 928098671
107174883 344322944 5987591 312611368
394147003 430951390 439312761 636337673
237622623 393271972 99902927 902414466
123980777 349274587 103818406 332082341
474304103 681670378 475690317 970794863
169658709 231546524 441393007 859843533
279856439 888219765 353949138 694255981
203601252 259427107 5929123 9738270
767319474 855182641 120712864 182051013
698285746 840902135 485533879 729530223
540672993 685090375 89907219 164808913
433892543 563522330 119348222 138966025
305221172 415739872 319448533 361409372
245364413 613648224 99795763 127812879
38294509 355042295 133415877 213463853
304195081 563161364 23844584 217556947
426484716 668225381 209795945 221299686
31791459 894655940 88250481 702608938
273942821 366820434 119713691 899554838
164416188 238724030 71126125 77168094
99172077 311757903 338275538 416580703
48019269 762380536 811377460 893712929
179053981 208104194 114100559 858044953
157834499 877185645 330840870 338409301
595655372 602471518 687637011 741601627
50925252 132822944 91271847 159799756
213090728 358195189 30911129 47251911
56578635 263598228 33419001 42652853
3824843 661146426 128218907 932878734
218110039 269600849 246506728 302365317
16895769 487814358 26289201 32381434
245811456 497451834 811017509 820251911
417924177 494400865 43753361 75668647
726845513 755520735 144727378 824246221
54070535 185469341 439665565 713043822
875107164 969039233 76647612 226742041
431871209 634135111 644416338 816984133
61846372 271704251 49686315 822836443
319081935 343697462 43013440 607873037
109906005 676427855 841730277 911446060
412114122 569400231 30788025 39981523
332874768 971930647 319800823 753480508
297904430 710033524 610185105 933163024
329996064 557408002 92482469 460818580
264760549 906842752 169603642 691279891
496755361 733150173 41270535 47912186
278825342 339680448 169783607 244381080
116894602 363270540 101972463 263122249
568007997 739445435 206985184 252462141
35137575 877315220 153288934 915775595
187420953 896763220 41170341 75098873
171137406 404613232 59443272 328635815
471052461 967095576 741616489 965108382
141145711 246538201 425435497 494596626
692201163 817220711 138754115 377276319
738124077 850105601 32502641 153717368
372382534 964352299 118641761 150746133
364600675 989110465 337053632 761881365
612449143 884066474 503298329 649396391
358978674 427300713 249229167 449132833
781811020 938269241 55066276 228706127
773608785 792765842 103114965 463642921
154737833 585902456 197584882 259661189
693195765 730137585 327479266 641976223
310646780 942638982 131425808 137106729
387963492 641993436 60389358 82320733
153811596 252451854 314025447 357003010
175697416 385737524 936154819 951162026
159016735 169177486 31978931 58910856
995878021 996064262 143249347 244366067
365080508 528346319 84455123 124139932
393527105 712088141 53392496 450011905
74164924 147544277 335103701 512588122
540108433 779000203 244924667 742863877
675936739 966262874 40256434 155235565
62923968 510617481 20463773 40753881
534514758 820658616 326353245 409337386
443920357 815345108 46624767 573301903
541725496 990763818 3613121 53414149
741662670 795342830 930283429 982621979
286865593 382667600 390372618 560924611
124256611 530168128 228711671 569020492
725683844 738067754 468279725 635876552
93533206 615426269 566291546 607372759
278441402 668728657 135237764 181919933
279064190 459571990 223677238 811755689
119667430 734243595 163071405 400804771
557124896 653209109 210678885 689932526
73211360 758221150 111655591 934600572
192758274 882185873 374015885 396654737
247156496 869689745 250344280 898256997
740192056 837234727 4134437 21771124
170427230 654441434 97336997 345783584
182888342 759774980 600840661 780113845
250316226 847191213 64583978 78449283
745411960 803369311 58855344 251622635
310293661 498059021 270340649 890891228
291993444 396597774 109728962 986009361
221782803 428486551 1232897 649119261
99696916 313891320 75418119 80167027
57300902 552117672 682071145 970586864
437411579 758592244 715308573 789408112
446654069 873202885 105333157 834669400
44129053 850525055 195431219 207969370
199617149 320663457 15662407 776496979
305887052 895343605 207989727 234797890
118121014 611384152 344442245 403339891
686187729 967468282 603992580 880313827
15197363 424207778 12076887 797275105
202654742 755516164 800828954 905111251
323775435 529186833 333203599 962537423
227997946 656723781 123610477 124720701
186066991 582343363 127338491 902675806
580133852 786178098 165878181 428692403
691475451 762394577 350221612 507591187
244708898 407869056 62143619 408365740
155577855 607715659 5662796 13533473
685188644 787332227 531979613 737801530
589609829 649946966 405742695 650511047
539797827 888867323 297724710 455118277
347629350 997027956 77750922 128364785
99348492 138373242 686261881 995938107
26021126 773711283 241980340 491251389
161376870 890348417 58582282 429832885
66101645 964282455 86645297 133194706
136870344 679401752 392702398 803045603
553042312 751112733 808503163 958485597
498083522 727546975 819989431 929220350
585868396 639154177 160405882 781451467
89761307 951541138 20677852 44123055
48269319 269344468 710237523 831681949
797109548 992733311 505412413 559213148
16285149 415924421 553595701 655021519
343219200 434080985 278974727 838975025
175572549 846094446 98472150 117541807
276436566 366216947 255943169 327585195
589470932 831517023 310322510 535754747
383059586 862947647 574700627 934211309
31667283 688867188 6722769 90800891
213322741 280303331 125311421 232281393
826743626 988337092 184982543 188960497
218892638 553272184 89760925 783241328
877127086 913868755 195664229 454736510
283517774 743634732 172542936 841900813
119918922 402792198 647224655 682158661
33915668 892321546 195388581 923160209
326095979 736047053 22373269 139401434
246754635 335240481 13147982 360137243
99211824 968584136 7751038 952447547
203939993 482643529 831780816 892488703
241499986 725527895 299008517 446593542
408650978 947596160 357593329 384908987
759431992 952284579 78759027 231310670
471429099 805410227 101623084 230515569
13439853 998221386 77086771 85697598
449283222 957856738 258635471 427366086
271263241 944830590 482996823 530803729
311529405 701201262 626157737 772041234
369374340 624770055 258763767 521752186
170953243 651988712 102136903 990723656
104959555 430261682 56910444 77792071
409553894 853178807 159036441 242976917
127626683 634035202 849133961 897688203
469807609 675080788 57741571 764101813
468470693 484612514 810766213 825441594
595378929 680167302 220259873 474252017
447377758 950590768 409173766 617842587
476021186 900688802 74065666 139475579
284204708 562821640 135099688 951978437
587190103 692445667 277664151 309198944
146355791 164777623 15022079 68854059
281114347 707300876 628618727 921007367
342024809 379582973 9432456 769947427
96105375 961639738 242010549 373009594
386270251 718811635 135596765 659456679
8846040 319078053 751439138 900101621
133717135 971815540 388889483 907340771
180616976 218314495 336399874 445335259
201057506 366044903 128399806 455358801
347136694 659938685 338690336 363142319
33850037 237408526 487772973 728364737
333022046 948254073 1796337 36572147
123921871 711044788 162938316 809544389
54081050 643323276 113549106 888235957
561701027 633102881 274406646 623480195
322561438 400385608 351803299 393969868
386932353 548053295 106838573 621227490
718151697 803601005 3588158 12169565
465697594 644449377 234691245 513208423
397319417 853361778 59709466 259615725
181074945 349692192 212625919 295571755
85806910 496703333 97220839 567107349
1853600 199473297 229133383 542874837
242348987 365425370 20752229 26663214
464217130 492137043 475807634 789975443
152892781 848021930 158635309 249008652
889623706 949450680 65233464 75441637
614807382 635297381 214595039 379680549
359744098 541104186 67967585 305084221
250152605 393425290 18100793 40638375
791853113 952689815 286598458 845399121
285672201 318671852 392063170 612589969
334943290 375752357 684920591 780046740
641647938 829752523 174285796 279810661
680319735 860498293 199884880 926833437
413538627 683175044 404265869 719401906
713760846 810179436 71994676 85643147
162525381 365158822 187479564 819722467
153320795 292467344 43179373 76681660
275999637 670728561 247667575 388047658
324121559 390286897 324341107 335453712
651407010 987717823 211933045 417023002
14849877 16080341 226999141 807925912
305774966 767621887 56819735 77814644
340163062 680583212 150029691 648019972
4811185 444513243 641395943 947506988
468747764 856252392 448625743 684136513
141813442 625286955 123660081 131399596
83105795 362153602 254627574 563539237
4390577 967083896 468992990 826025727
759362513 769009608 172580039 258702715
771370540 919975871 309017771 916310389
482992833 992762901 183327959 786711971
153662704 711657715 254587040 507225401
356597539 692684459 2889451 14600708
146090649 417516917 13539913 29378197
262762481 674630441 621678630 632862107
291168155 624703704 281043637 934820599
403104009 579221908 796476858 935266429
604194654 818440009 490482317 780260488
162894038 499060534 25387751 95406090
685934858 786142384 159119375 244439678
695248346 888289252 75901228 91585653
355344406 663923202 800521981 872246187
116837363 568029146 16475000 107486959
680353491 683721690 128025425 940703117
50119310 899632220 229336631 477790240
299305363 605252795 10241861 16037341
314083481 563244516 92972737 328928363
215243742 464965323 653898327 884359435
402965522 749295294 407279016 465141691
336735952 459539720 154270960 164337587
663091987 846730858 115207982 159659049
60079877 766725564 233036333 552042882
921692353 976745838 236646179 288779704
341678799 981584384 440459285 865978453
337664006 792414427 15942181 323603330
334204070 768459705 719203831 953058336
205761526 798891790 11950065 118222031
136651046 987659821 46084061 481191364
37691413 631413667 125760321 275358524
152107968 855381736 528337331 994934512
574333299 692760125 8427979 30959475
371910717 764083341 35011300 112745941
64481893 305626043 106005848 130270445
117400938 479964193 195837 42082850
161330029 830252812 321699841 483533117
664126451 687326868 191348367 294301706
54263074 111294210 814764611 954436058
50034924 806821482 96006239 118494006
552705409 561886208 59025881 65039774
34903678 635674190 2841314 369530281
75785613 844452856 156875258 251692701
376926984 645871190 485587049 828993662
84907930 161297407 231452594 268396383
245449757 475215429 608858965 836759648
795144586 895146373 77095299 82753480
176025828 388518869 197813929 769182822
218166040 333799203 288263099 559627106
562670119 655469986 170927249 552224467
294068755 431520569 3212521 613181241
551064019 796549156 508736668 656830865
394887721 926654216 80779605 107653162
605611760 762891583 119376088 269005569
954185864 997636150 173182844 369254297
688033039 758591986 35027087 295490663
220641516 988956100 12249390 31650559
238234388 376447082 44237803 365570957
133610577 315551705 478619759 495249343
288338914 737478616 200561964 998641751
220758375 831695400 190268669 366824200
464907197 713133049 55935013 120290900
587464471 898020824 26643169 334130754
644070948 855644720 334437781 595293010
315262176 534020788 217699639 981692805
125758268 460468229 245828233 478088365
166205075 288651752 22851155 466295097
122550022 904415694 64338299 70688235
248205098 720084424 597245933 629952377
112617608 945422306 362967 893491
628653556 728950580 328511353 352423118
780272974 986330411 367750932 459594445
353433628 890419426 109459174 308746043
754221952 828935985 795433139 897604597
81249920 720507085 172222297 452007219
165329005 419370078 377740975 456331268
608472231 793571834 43502764 574306675
537163983 665639874 56392538 232755225
884390910 961371233 68453591 95242786
99047968 676120300 15375941 15683839
555944166 557003700 438897247 499172946
81732084 391460739 93075240 517165207
106454234 814472927 387878663 911999082
164948830 791774580 7757630 44085609
378447988 912944792 78602853 198436141
453252337 493306232 207028475 591540964
232202903 461704009 418981893 582795109
450114421 808073295 7615364 335801439
186105590 630385048 242910950 276042049
48145852 438449633 26950058 206343989
296711212 790736074 296752426 382626105
19090417 175003555 160281601 213841069
453255115 615130256 89384740 949351421
514758375 888917960 355168729 452402935
311146139 829090442 18284941 59772659
147549938 616275110 75667368 765158965
184863025 879142002 151419280 366208777
56000255 365039822 537953139 714615058
70475411 671312971 679917643 965403617
680945860 781924345 134799455 384297091
212324196 449789763 68336812 240040519
744164778 831421439 464639747 937607939
13328467 417409194 99810704 220673847
318996534 657740655 602513739 665635294
423037379 971011917 540813376 663487213
153721270 541037727 97206146 542855547
485442220 750175923 3699616 59869579
242660164 583062968 147605681 184040649
79287825 313927399 113388049 674705613
902849221 973201076 69087507 733490665
588133267 894383160 212622761 433469832
486928328 610140710 12676355 465832096
35668442 467236347 246672713 876417049
45128738 658131955 353253573 559478077
718696556 839822106 699100687 734753306
230888148 293480612 511229337 652802164
550282491 895935096 25344517 693702792
332435134 875888680 156299032 305189241
132920828 661268911 151432525 368019406
179996964 697323957 49722590 194613539
6729969 657870718 168139563 613243589
217654407 451610729 119331642 251261041
399331563 788164951 546619877 966273690
138315028 954382342 6521233 33875466
283836873 979858956 23303477 37796324
581313383 625868757 27018417 954048626
478880331 978547931 34227301 88818017
533723237 859481412 219377842 570682031
159259238 667645118 164680936 562231497
192144497 372215058 276694784 517980335
380097407 768056719 149526205 453211289
503132426 525054641 162828128 231652639
112799555 621822140 153400265 175003612
12369190 295592438 64772993 959824121
290164164 675785356 687193211 956784259
190097202 964920311 89358629 116096915
240333766 286580607 425287162 448151083
574623327 609231157 572638481 580394739
61527891 302423212 382388270 546111437
50178481 172544121 63157849 436678215
50610264 374545212 922828487 981660991
743051749 761404234 44492142 79190303
86638504 417973425 401696984 444182385
185280456 405652994 591469915 645273077
681130253 866904854 245837831 764099013
207400698 559201638 52379698 309382777
507628870 820475233 68675898 942087001
362825417 798582027 324448157 651816678
283779941 649364704 66039593 218590392
246632111 969425472 524941062 802054711
503865875 546846647 272656597 965505972
318475080 947991302 489759779 525632066
639113605 995615167 81051843 737269186
319726719 990495795 243973958 812170837
245486500 617356482 2160081 6184018
700418349 966469992 236165959 476368116
830426187 980228561 66695990 87363419
403215166 930430607 293795911 674488272
381474747 402957671 130123088 771518865
79082847 109366834 108248943 235957751
531017706 714729468 77829163 720068322
363721191 510486734 161063070 185859631
170543232 789523136 81042911 744044514
121672381 898611350 13356737 78588626
185244289 911357604 129451102 626401069
303057668 979060461 451580843 883462634
20348744 449872801 400012831 619880766
190513075 690577273 107381455 743808247
77597179 443104947 261521354 787385633
187866011 717590987 135865120 830097051
510804859 551096386 93924122 94792169
111504389 227155404 136428157 482068562
585877836 678671684 257582279 447890298
648374338 971922916 36507455 183113957
684580870 798246586 30643265 938920894
423670089 474974516 608042526 961153057
781687294 902022762 289829201 758724560
230391742 812911321 293996240 388690407
620871905 712419588 124715339 663855214
534187458 652438241 126247993 261565210
792485333 802693974 245145993 901272598
120418080 700314300 18553475 35140771
37798816 122757622 95150270 593581177
921664841 986938633 179304081 267277493
185809519 888593591 521273195 647945456
892282151 957009217 463675394 916329649
106766077 350565411 81503458 108563277
332509433 838998556 697810711 753114764
104680264 249242270 71587091 208107739
399073413 670316769 212910039 421125772
168796470 955449151 185563942 881904795
14508 222713707 214059425 316517761
53598801 810349975 28784789 163484293
182850006 600127498 479605201 871009123
800735747 963372232 258904504 565600581
8342632 585754353 418236445 922286424
758952039 949400587 107840859 118131938
195528682 373521625 70194569 341323166
901515248 955482429 623456363 939125271
110763764 914654227 295308419 945540552
242380495 607288197 402296297 452566012
136684508 976436615 104429089 132310399
378377743 502393019 48633619 79850401
414699955 462701742 260922797 938865386
