85
6638154 12  
7229395 774  
6788635 599  
52955 220  
8166642 794  
7298034 805  
1132655 942  
628422 143  
486945 902  
6196810 804  
1864540 656  
5154228 442  
9195010 305  
1141369 849  
1969154 618  
2087444 32  
9351806 934  
4968378 563  
5862414 13  
5612742 912  
4580191 267  
4777592 192  
8012998 149  
5515508 669  
8622987 175  
3898530 98  
2948542 798  
1989415 548  
7168144 747  
7032263 563  
8565732 890  
950545 531  
6568726 807  
9624007 106  
2131449 748  
6905020 239  
5799806 366  
3084128 42  
7339641 124  
2571518 696  
2161642 481  
2603639 907  
9545120 28  
629250 104  
3687236 157  
5461111 137  
934957 192  
6197116 133  
7963719 215  
9799345 914  
4068932 145  
645209 342  
2804049 137  
3429061 504  
5635604 173  
7064887 364  
1366211 341  
7554232 863  
3989105 921  
7577831 849  
2213080 51  
6574716 182  
3525766 3  
2186665 274  
5506408 578  
8951516 450  
2557608 171  
8652884 753  
2287166 487  
6250106 760  
5903748 142  
8162743 229  
6689407 709  
7525554 543  
485841 481  
9002319 586  
20383 22  
6729248 397  
3479156 307  
2134176 23  
5846384 737  
1260791 275  
8178890 284  
3443762 409  
799202 39  