53
7513380 609  
7543491 831  
7604402 876  
2507494 819  
4537812 840  
25988 151  
2371123 700  
5238851 714  
6576608 134  
1224655 430  
6762223 928  
8355747 421  
6862219 642  
2112246 926  
6489774 572  
8978662 618  
8219825 629  
4169750 200  
5152201 811  
5569388 58  
8961079 666  
8280293 241  
5819301 280  
6168477 267  
4995218 339  
7726139 673  
3159937 773  
3518184 430  
1209277 85  
860060 574  
9109429 819  
1780145 888  
726334 381  
3470806 867  
6200688 321  
1288532 896  
2886679 857  
9747342 360  
3173945 92  
7863201 738  
9618099 700  
658449 881  
4026921 345  
1838385 957  
9726089 781  
6282596 655  
7793715 511  
6272287 720  
4304331 996  
9227618 745  
238330 469  
4773323 841  
9803913 382  