77
9853476 306  
6049185 948  
3938732 284  
7492431 543  
2371913 801  
9094941 869  
815422 488  
4031934 822  
677410 652  
8719456 334  
5338398 20  
1162741 409  
9624392 110  
9375341 720  
4545938 856  
7688003 550  
4331132 577  
1894627 949  
9463956 514  
6552117 338  
1215248 684  
9814666 950  
41811 387  
8964407 86  
3544048 318  
9359442 353  
6645785 69  
9681295 732  
3343027 291  
143991 166  
4164979 131  
8242799 986  
4538092 252  
7874537 341  
7857671 856  
6638559 896  
3811709 441  
2095102 322  
7859836 903  
4865064 467  
6138503 901  
1778701 71  
3463669 406  
5993218 61  
6015010 97  
1605454 929  
7253138 284  
2092727 266  
8570729 856  
5981865 306  
2449461 178  
5791055 806  
7916125 223  
7457473 99  
8162039 293  
8487211 750  
9770096 687  
9578769 989  
1161331 37  
9336521 871  
3476799 109  
6083038 381  
1174429 898  
3931419 319  
2318581 258  
4679415 958  
5072282 259  
2793844 508  
5227313 642  
684018 811  
3631424 815  
4828320 565  
9938839 425  
9124724 546  
4217590 428  
9616297 630  
7543655 886  