74
2353442 728  
8176239 597  
1046146 269  
3074431 193  
418202 880  
9538428 185  
4657278 500  
9400105 779  
7648038 974  
6646035 634  
1577259 919  
9794023 324  
2050440 238  
5392291 684  
2046762 990  
9381065 168  
222715 955  
3260889 872  
9490850 271  
8947788 442  
1259467 477  
1603677 543  
5495520 366  
1108725 919  
688223 994  
7251493 12  
2496356 276  
5404134 486  
6382107 245  
6898298 539  
2710297 677  
316033 100  
3423983 512  
4079204 834  
9639268 260  
1131231 968  
4201617 763  
2200399 913  
5709526 922  
7852741 912  
2062149 478  
7796509 289  
8226780 880  
8943739 169  
8378952 586  
8623734 289  
2743985 587  
5532757 701  
1365640 196  
1055638 832  
2439403 264  
8648924 727  
8119480 702  
3249061 449  
8407358 668  
3890445 846  
9427242 235  
7968 792  
2394584 595  
176236 128  
6581121 974  
327707 650  
988912 781  
2678934 573  
8601412 395  
4573548 785  
6539318 501  
1814889 128  
6195188 328  
5981780 510  
7743993 4  
813901 151  
539886 859  
6171526 893  