71
2069845 309  
7219054 736  
917905 368  
2369493 15  
8776671 521  
7870885 714  
4298579 942  
4411506 103  
9700753 151  
6548598 740  
9296289 925  
5607846 822  
5385540 688  
8942643 438  
9580313 540  
2549693 401  
6098513 84  
669984 421  
8970067 32  
7901995 750  
995297 973  
3134186 808  
8765905 182  
4890927 314  
1516598 894  
1711652 372  
9802386 922  
9674057 130  
7537803 44  
926293 631  
2838694 335  
8204878 863  
47293 232  
7247624 837  
2534410 482  
9063617 332  
6099317 813  
4727591 205  
1613361 721  
3235864 752  
8153379 154  
4516310 673  
1358743 545  
2153269 650  
8294924 11  
604710 68  
4773088 452  
5555579 605  
2867257 746  
7301680 210  
7626587 953  
7761784 154  
771654 167  
5333505 164  
6069323 878  
5068821 314  
7858002 710  
7875470 80  
3091275 745  
421250 293  
9341443 232  
9220324 557  
4477995 937  
1077402 238  
7074432 143  
4795969 220  
2649139 885  
8180835 30  
984023 461  
2601952 599  
7955369 669  