68
8639497 403  
6333762 137  
1689038 478  
9132624 899  
8502339 155  
6259754 169  
1069930 430  
9367285 89  
3199203 517  
8358974 844  
8485703 132  
8137519 774  
6607843 267  
7796378 106  
7863404 602  
2342648 722  
4687512 680  
1618763 932  
2224269 102  
5835993 767  
3762231 260  
4684825 872  
4947594 752  
6961124 10  
5828245 588  
9536807 994  
2961632 809  
3393340 834  
1941852 315  
5833035 103  
3027115 685  
1135517 937  
6151634 882  
6266054 367  
6364945 378  
469982 778  
1114367 452  
6870490 899  
7955116 807  
3554806 565  
9007086 148  
3049447 185  
2867559 594  
7200880 147  
539062 53  
576262 725  
28955 969  
7246600 745  
5451503 641  
7955862 245  
9213996 795  
4870453 472  
1241880 344  
7541862 808  
6000841 153  
4398574 916  
3055932 265  
9926958 16  
8071554 725  
2058481 956  
9612926 88  
9474736 500  
8023041 576  
3670422 431  
1474427 543  
8772591 558  
5452720 318  
8417361 839  