78
708530188 44015  
974140182 27174  
596513584 24402  
98419865 44444  
244705407 97826  
31631446 94315  
362172122 9652  
359541864 82056  
634965393 12250  
687495977 49449  
312950641 58389  
992941374 14065  
653325413 2419  
395692267 48901  
719600175 46809  
59672657 79360  
445163829 50926  
339966572 8766  
861411607 31804  
387995261 40443  
695442111 82590  
432194997 13967  
257193312 59113  
355292290 22800  
334594352 91021  
202672260 95067  
166304622 21275  
618574262 98047  
280648010 48944  
777860906 5676  
259901976 90449  
474811278 46252  
302641138 7122  
254656772 29486  
229666403 56618  
425067250 84586  
323236083 75039  
437135134 67750  
774286249 48925  
364123994 93577  
996602536 41873  
88055794 6940  
323529466 6725  
645327529 34133  
459044913 33817  
732432273 3416  
647852754 79146  
262634048 72535  
850396422 64286  
432032848 7818  
628615648 50925  
571050508 91980  
179425548 34304  
556784841 28236  
640217676 22703  
132134861 63782  
990958093 53526  
474354393 53069  
7440472 13958  
502951705 76438  
739768 4033  
800073392 54993  
864233321 27138  
563081611 75826  
226218369 91797  
648867041 18131  
492003389 80236  
174654898 46597  
932627848 60317  
950930711 76926  
579883530 82396  
977363054 3580  
728044659 53629  
938510577 59557  
530034123 50509  
411910617 22829  
128751698 15906  
887021682 3923  