42
616173976 48205  
816450443 85903  
958102296 69674  
115592081 42000  
747913282 57623  
982826213 78031  
371242623 99016  
934777989 76520  
906972931 37743  
750579526 59161  
574916652 58790  
637709536 73751  
176014643 45746  
58126750 31622  
181710007 27660  
16566669 41060  
13251799 19059  
428457286 48386  
555589859 37107  
611672657 79263  
180177768 96430  
586310426 28806  
342361826 76604  
636796272 72051  
126165102 59913  
289395714 50362  
985554931 243  
29899638 75719  
397334059 55395  
600935358 73110  
976872948 18223  
226077935 70903  
648778141 2492  
623439944 25691  
534194446 56221  
965730271 75833  
403176403 51934  
589839087 72120  
924175661 97489  
101251064 15934  
620895641 92901  
736774303 44456  