52
341441918 701  
312821643 99963  
587712848 25902  
406027748 64060  
758801984 87723  
354885205 80693  
745173299 82271  
608278819 3127  
711662332 78931  
191879971 93936  
515162635 30586  
576662772 96664  
430360718 10382  
353008620 33490  
986803255 41431  
668504739 21935  
915545851 80358  
394336512 46278  
598209352 89852  
579061198 59808  
87542924 96889  
472480109 57239  
256586075 47940  
814933441 69208  
820077623 83407  
165072620 70208  
25506354 54891  
643737405 66809  
816460846 78662  
8178602 43901  
391728170 73391  
208596059 81538  
706318162 45588  
355980561 688  
545661107 59269  
748275181 38121  
830473153 82826  
762293032 81715  
379399530 91092  
741947136 41105  
990885213 79236  
575866765 85062  
544422174 75526  
682062349 15525  
948062712 98792  
244187685 767  
169473640 543  
842551939 16345  
443553066 14089  
424846042 74115  
165554755 67153  
769564479 59353  