77
813797385 87160  
792131516 92980  
751673885 85154  
992574602 20697  
152675668 90902  
401873087 58102  
932278081 56923  
142297249 44838  
106166929 41792  
423173148 59053  
834141269 97892  
324959491 4519  
740379598 80872  
178957650 98318  
677714998 9847  
878912790 54410  
984461978 69590  
536031419 24757  
426051034 78163  
120508412 98373  
281767836 93010  
906369040 56571  
79109948 81845  
998639081 77444  
727405484 58583  
544739490 99737  
24060027 82012  
989320827 81839  
724176238 1602  
214431509 11819  
992016475 18985  
263000112 25802  
3233993 61451  
731369526 69937  
243245671 39982  
787004737 57216  
129091348 99052  
289240432 67338  
34746854 94530  
838479881 24476  
403032630 52169  
33087727 99322  
812710479 20834  
451535790 56118  
685394341 32384  
41109992 14583  
911080255 33988  
590374402 45934  
474256211 52576  
739690702 27322  
676640465 10939  
475864832 98845  
424904768 92007  
115587313 58822  
851821420 66090  
990424645 45299  
207902194 222  
185497725 52156  
622191709 99983  
413796703 72858  
630630543 66399  
34612004 20297  
732528808 77661  
981706417 35213  
34024792 21886  
233216726 79340  
385699142 40863  
56917046 20969  
623050611 59771  
218916838 69382  
169466223 15936  
452888382 86156  
188847701 9173  
270428150 51240  
569232971 1064  
964943866 57576  
400720813 22201  