78
621001849 66949  
83172655 27153  
737237894 39850  
593331227 82945  
912310280 5363  
410467430 78365  
542664374 97178  
865853681 11623  
805572241 75155  
287698526 51839  
372034118 52220  
828267661 26934  
781388215 78284  
86558868 9887  
759979126 51649  
547133857 96998  
959603190 44702  
818694920 76980  
579394675 97098  
31973472 16593  
619862957 94573  
863835773 2289  
548718257 33474  
766709008 46766  
7312135 94752  
102926720 18492  
839639190 66018  
97194330 24634  
65672407 87823  
94121789 7977  
760126705 88427  
989242899 93984  
916706446 17975  
571356132 70379  
875345613 26061  
445354927 69369  
136157666 78149  
770675817 47804  
897006992 43425  
974587832 9384  
476144146 31499  
875526252 59704  
930323539 40815  
428736871 32774  
905106582 21321  
813345942 89454  
441792415 53073  
856447070 99445  
163624210 74988  
18916503 90007  
127433363 58684  
167295400 88267  
727342958 56554  
888079730 51900  
124331631 75426  
151372608 49496  
787936833 10215  
53921141 11545  
353099319 90046  
130075313 70735  
826340259 34463  
540091581 2888  
512400028 89806  
113609651 50502  
919452161 47028  
719246944 34217  
1121793 13818  
221193967 99823  
691133473 61028  
429189775 46711  
333077926 67171  
781300013 76421  
408752956 55928  
320088811 27729  
564564742 24801  
593243482 81194  
474137232 24091  
591623126 2144  