52
319836590 28541  
190640488 59897  
997070802 55607  
187995403 54396  
181823718 71037  
361856608 36634  
939546015 81076  
471079179 77949  
133028449 12  
891708814 99377  
407991197 50806  
125876955 83166  
285958665 63340  
33549904 32689  
976086992 48503  
665471147 51544  
367980269 2528  
397396137 74252  
564981378 32508  
513119751 56540  
645332765 75482  
563475928 66801  
502712359 20804  
498692782 79870  
677933210 42040  
87458147 28104  
805121647 98999  
25732972 5429  
619285158 60175  
543889731 13600  
620100372 19231  
261596737 53647  
523536636 13291  
457607046 97422  
258005845 2853  
653375162 76480  
79977199 25308  
301711970 4835  
121130728 21636  
948245612 68059  
177605746 2189  
598791377 48729  
237207355 29145  
389310401 13547  
471222828 83900  
768486943 28347  
247198776 65891  
573042963 85552  
770730461 72270  
358280216 4302  
232707062 68613  
54871430 33143  