52
154569 25  
130094 78  
385798 39  
362469 88  
897707 60  
291131 17  
626368 22  
113112 84  
356504 82  
117746 74  
113902 32  
134045 100  
448349 60  
488575 44  
116720 2  
805571 40  
286704 62  
286468 35  
896763 5  
949949 80  
280671 77  
946088 68  
464712 92  
902943 93  
996692 3  
835255 68  
839189 88  
200551 40  
490560 43  
405158 60  
309821 70  
788799 12  
770853 73  
365658 5  
695029 58  
206616 33  
722097 49  
278313 38  
903728 45  
961748 26  
630060 2  
957743 33  
131393 18  
527433 77  
19723 1  
602922 71  
498836 64  
486113 91  
264982 47  
451384 8  
496804 86  
270882 10  