94
785702 70  
828507 86  
280606 42  
628744 40  
318735 21  
266600 79  
104111 65  
822000 84  
869602 88  
87216 5  
805152 12  
981637 56  
763717 7  
442221 23  
164627 98  
130177 30  
749497 68  
194400 25  
193100 13  
624706 38  
301563 42  
665066 19  
437869 96  
227143 84  
45870 62  
793963 51  
447386 94  
845985 46  
209979 38  
467416 8  
98707 6  
674717 24  
688235 45  
503731 67  
770782 30  
225036 40  
970330 74  
582544 50  
651774 37  
873416 53  
819570 92  
45301 89  
442283 97  
413874 73  
167484 7  
615268 80  
355197 71  
642324 2  
326643 54  
470086 54  
392816 4  
878745 65  
450879 87  
945037 26  
534715 10  
532113 84  
318187 48  
147788 74  
620208 51  
230540 44  
801704 14  
549176 11  
312912 86  
870812 99  
391438 91  
897581 52  
705996 22  
593952 14  
908401 81  
176913 20  
713415 18  
926182 79  
119387 33  
784680 74  
679130 96  
2033 37  
372524 22  
692237 48  
784508 27  
883419 79  
450549 69  
971359 75  
543913 20  
544194 90  
711111 34  
164024 94  
728281 4  
181720 27  
597392 39  
659108 24  
621845 55  
692783 56  
562991 43  
101651 13  