71
545890 68  
670525 62  
363838 83  
795650 22  
448560 20  
568504 72  
624037 63  
347450 25  
456077 91  
553198 13  
246349 44  
468966 46  
561486 58  
683579 49  
868280 20  
673569 3  
169901 28  
917926 67  
447523 17  
100760 29  
951714 93  
166034 98  
644733 87  
956567 27  
391568 93  
465694 66  
861526 76  
659214 72  
384174 64  
602866 4  
295560 92  
541267 68  
317597 11  
931300 8  
299999 24  
625728 14  
385309 95  
12428 27  
68601 59  
112589 34  
507374 3  
832660 46  
131745 70  
669749 44  
711399 61  
774797 66  
867595 23  
556278 48  
492144 45  
505296 86  
85920 40  
5425 88  
884647 22  
391400 60  
799025 74  
727884 81  
295207 59  
156658 92  
315720 88  
723614 54  
422693 12  
123395 89  
712782 35  
976844 48  
793597 17  
672379 24  
66229 17  
801961 42  
135483 41  
723533 72  
541677 86  